  3 28 28 37.64 41.57 43.23 21392 0.00 0.00 0.00     0 37.17 41.32 42.98 10960  2560 0.100
  3 28 28 39.18 36.06 36.08 28376 0.00 0.00 0.00     0 36.50 35.36 35.46 32397 30824 0.137
 50 28 28 39.18 36.06 36.08 28376 0.00 0.00 0.00     0 36.96 35.35 35.50  9153  9210 0.201
 50 28 28 39.18 36.06 36.08 28376 0.00 0.00 0.00     0 37.04 35.45 35.62 14824 12988 0.164
 50 28 28 41.00 42.68 44.45 43168 0.00 0.00 0.00     0 39.92 42.42 44.08  3128  1150 0.381
 50 28 28 40.60 42.84 44.41 43024 0.00 0.00 0.00     0 40.09 42.53 43.99  3795  1949 0.104
 50 28 28 38.05 41.65 44.41 60640 0.00 0.00 0.00     0 36.47 40.79 43.29 14348 10164 0.131
 50 28 28 40.60 42.84 44.41 43024 0.00 0.00 0.00     0 40.09 42.53 43.99  3795  1949 0.104
 50 28 28 40.60 42.84 44.41 43024 0.00 0.00 0.00     0 40.39 42.66 44.15  2941  1185 0.131
 50 28 28 40.60 42.84 44.41 43024 0.00 0.00 0.00     0 40.67 42.69 44.19  3459  1810 0.132
 50 40 40 32.89 37.84 40.19 13768 0.00 0.00 0.00     0 33.12 37.79 40.17   857   408 0.133
 50 40 40 32.89 37.84 40.19 13768 0.00 0.00 0.00     0 33.12 37.79 40.17   857   408 0.131
 50 36 36 35.45 38.80 41.03 20016 0.00 0.00 0.00     0 35.72 38.81 41.07  1318   653 0.130
 50 32 32 37.94 41.11 42.87 29568 0.00 0.00 0.00     0 38.14 41.01 42.82  2127  1092 0.130
 50 28 28 40.60 42.84 44.41 43024 0.00 0.00 0.00     0 40.67 42.69 44.19  3459  1810 0.129
 50 28 28 38.05 41.65 44.41 60640 0.00 0.00 0.00     0 37.53 41.14 43.82 13498 10043 0.174
 50 32 32 35.52 40.54 42.73 37344 0.00 0.00 0.00     0 35.19 40.13 42.35  8128  6086 0.170
 50 36 36 33.20 39.51 41.41 23416 0.00 0.00 0.00     0 32.94 39.03 40.95  5132  3855 0.168
 50 40 40 30.97 38.65 39.92 15040 0.00 0.00 0.00     0 30.58 38.41 39.60  3190  2346 0.161
 50 40 40 30.97 38.65 39.92 15040 0.00 0.00 0.00     0 30.58 38.32 39.61  3131  2263 0.204
 50 40 40 30.88 38.86 40.28 15288 0.00 0.00 0.00     0 29.85 38.37 39.73  3180  2321 0.101
 50 40 40 30.88 38.86 40.28 15288 0.00 0.00 0.00     0 29.83 38.41 39.78  3287  2413 0.084
 50 36 36 32.99 39.35 41.23 23992 0.00 0.00 0.00     0 32.19 38.91 40.81  5395  4036 0.103
 50 32 32 35.29 40.53 42.87 37648 0.00 0.00 0.00     0 34.58 40.03 42.28  9067  6865 0.112
 50 28 28 37.89 41.60 44.48 61536 0.00 0.00 0.00     0 37.12 41.03 43.76 15426 11583 0.111
 50 28 28 40.49 42.90 44.42 44560 0.00 0.00 0.00     0 40.30 42.71 44.22  3630  1781 0.070
 50 32 32 37.78 40.98 42.89 30376 0.00 0.00 0.00     0 37.67 40.93 42.83  2183  1045 0.070
 50 36 36 35.32 38.92 41.05 21064 0.00 0.00 0.00     0 35.20 38.94 41.06  1358   630 0.072
 50 40 40 32.65 37.65 40.40 14192 0.00 0.00 0.00     0 32.61 37.61 40.29   860   375 0.066
 50 40 40 32.65 37.65 40.40 14192 0.00 0.00 0.00     0 32.61 37.59 40.30   894   416 0.060
 50 36 36 35.32 38.92 41.05 21064 0.00 0.00 0.00     0 35.23 38.91 41.06  1401   679 0.063
 50 32 32 37.78 40.98 42.89 30376 0.00 0.00 0.00     0 37.66 40.88 42.84  2293  1161 0.061
 50 28 28 40.49 42.90 44.42 44560 0.00 0.00 0.00     0 40.28 42.69 44.22  3855  1982 0.060
 50 28 28 37.89 41.60 44.48 61536 0.00 0.00 0.00     0 37.07 41.00 43.71 16089 12290 0.095
 50 32 32 35.29 40.53 42.87 37648 0.00 0.00 0.00     0 34.52 39.99 42.34  9452  7278 0.087
 50 36 36 32.99 39.35 41.23 23992 0.00 0.00 0.00     0 32.15 38.96 40.81  5475  4093 0.084
 50 40 40 30.88 38.86 40.28 15288 0.00 0.00 0.00     0 29.83 38.41 39.78  3287  2413 0.089
 50 40 40 31.35 38.49 39.79 14760 0.00 0.00 0.00     0 29.72 38.04 39.30  2014   981 0.281
 50 36 36 33.52 39.18 41.41 23424 0.00 0.00 0.00     0 32.01 38.79 40.83  3583  2000 0.284
 50 32 32 35.78 40.40 42.82 37552 0.00 0.00 0.00     0 34.36 39.93 42.27  6271  3696 0.297
 50 28 28 38.31 41.53 44.37 60528 0.00 0.00 0.00     0 36.87 41.00 43.69 11462  7135 0.320
 50 28 28 40.97 42.87 44.37 43232 0.00 0.00 0.00     0 40.42 42.73 44.20  2856  1006 0.256
 50 32 32 38.42 40.80 42.92 29784 0.00 0.00 0.00     0 37.87 40.73 42.84  1634   492 0.252
 50 32 32 38.42 40.80 42.92 29784 0.00 0.00 0.00     0 37.86 40.72 42.84  1652   507 0.226
 50 32 32 38.42 40.80 42.92 29784 0.00 0.00 0.00     0 37.87 40.73 42.84  1635   492 0.244
 50 36 36 35.90 38.96 40.79 20336 0.00 0.00 0.00     0 35.42 38.94 40.81  1000   278 0.248
 50 40 40 33.28 37.52 39.98 13656 0.00 0.00 0.00     0 32.95 37.45 39.92   636   178 0.244
 50 40 40 33.28 37.52 39.98 13656 0.00 0.00 0.00     0 33.12 37.49 39.97   632   171 0.335
 50 36 36 35.90 38.96 40.79 20336 0.00 0.00 0.00     0 35.64 39.03 40.81   984   273 0.321
 50 32 32 38.42 40.80 42.92 29784 0.00 0.00 0.00     0 38.05 40.80 42.83  1571   472 0.352
 50 28 28 40.97 42.87 44.37 43232 0.00 0.00 0.00     0 40.54 42.75 44.20  2691   957 0.355
 50 28 28 38.31 41.53 44.37 60528 0.00 0.00 0.00     0 37.02 41.10 43.79 10662  6779 0.420
 50 32 32 35.78 40.40 42.82 37552 0.00 0.00 0.00     0 34.54 40.05 42.37  6087  3733 0.393
 50 36 36 33.52 39.18 41.41 23424 0.00 0.00 0.00     0 32.22 38.83 40.90  3538  1997 0.378
 50 40 40 31.35 38.49 39.79 14760 0.00 0.00 0.00     0 29.90 38.02 39.34  2057  1046 0.365
 50 40 40 31.35 38.49 39.79 14760 0.00 0.00 0.00     0 29.91 38.07 39.30  2059  1029 0.570
 50 36 36 33.52 39.18 41.41 23424 0.00 0.00 0.00     0 32.25 38.81 40.93  3510  1978 0.596
 50 32 32 35.78 40.40 42.82 37552 0.00 0.00 0.00     0 34.62 40.10 42.42  5972  3583 0.620
 50 28 28 38.31 41.53 44.37 60528 0.00 0.00 0.00     0 37.09 41.11 43.86 10453  6568 0.646
 50 28 28 40.97 42.87 44.37 43232 0.00 0.00 0.00     0 40.63 42.77 44.24  2705   930 0.524
 50 32 32 38.42 40.80 42.92 29784 0.00 0.00 0.00     0 38.14 40.82 42.83  1568   453 0.512
 50 36 36 35.90 38.96 40.79 20336 0.00 0.00 0.00     0 35.69 39.03 40.83   986   263 0.511
 50 40 40 33.28 37.52 39.98 13656 0.00 0.00 0.00     0 33.14 37.47 39.94   635   176 0.498
 50 40 40 33.28 37.52 39.98 13656 0.00 0.00 0.00     0 33.14 37.47 39.94   635   176 0.492
  3 30 30 35.99 40.69 42.48 17144 0.00 0.00 0.00     0 35.65 40.54 42.19  8744  2408 0.445
 50 30 30 36.83 40.75 43.76 47280 0.00 0.00 0.00     0 36.06 40.56 43.37  8399  3154 2.036
 50 30 30 36.75 40.73 43.73 46648 0.00 0.00 0.00     0 36.03 40.50 43.09  9120     0 1.768
 50 30 30 36.75 40.73 43.73 46648 0.00 0.00 0.00     0 36.03 40.50 43.09  9120     0 1.863
 50 30 30 36.75 40.73 43.73 46648 0.00 0.00 0.00     0 36.03 40.50 43.09  9120     0 2.065
 50 28 28 38.05 41.13 44.26 58640 0.00 0.00 0.00     0 37.30 40.87 43.58 13121     0 1.467
 50 28 28 38.05 41.13 44.26 58640 0.00 0.00 0.00     0 37.32 40.86 43.62 13070     0 1.526
 50 32 32 35.45 40.25 42.62 37104 0.00 0.00 0.00     0 34.75 39.89 42.12  7194     0 1.470
 50 36 36 33.06 39.13 40.91 23536 0.00 0.00 0.00     0 32.37 38.68 40.54  4236     0 1.511
 50 36 36 33.06 39.13 40.91 23536 0.00 0.00 0.00     0 32.37 38.68 40.54  4236     0 1.404
 50 40 40 30.78 38.21 39.66 15584 0.00 0.00 0.00     0 30.09 37.64 39.07  2597     0 1.404
 50 40 40 30.78 38.21 39.66 15584 0.00 0.00 0.00     0 30.09 37.79 39.09  2598     0 1.845
 50 36 36 33.06 39.13 40.91 23536 0.00 0.00 0.00     0 32.38 38.71 40.51  4122     0 1.818
 50 32 32 35.45 40.25 42.62 37104 0.00 0.00 0.00     0 34.78 39.97 42.26  6944     0 1.827
 50 28 28 38.05 41.13 44.26 58640 0.00 0.00 0.00     0 37.33 40.90 43.63 12320     0 1.841
 50 28 28 38.05 41.13 44.26 58640 0.00 0.00 0.00     0 37.33 40.90 43.63 12320     0 1.827
 50 28 28 38.05 41.13 44.26 58640 0.00 0.00 0.00     0 37.33 40.89 43.66 12361     0 1.663
 50 28 28 38.05 41.13 44.26 58640 0.00 0.00 0.00     0 37.33 40.90 43.63 12320     0 1.821
 50 28 28 38.05 41.13 44.26 58640 0.00 0.00 0.00     0 37.33 40.90 43.63 12320     0 1.824
 50 28 28 37.72 41.13 44.26 79520 0.00 0.00 0.00     0 37.30 40.91 43.65 12828     0 1.727
 50 28 28 37.88 41.13 44.26 75312 0.00 0.00 0.00     0 37.31 40.88 43.64 12706     0 1.706
 50 32 32 35.25 40.25 42.62 48592 0.00 0.00 0.00     0 34.77 39.91 42.19  7229     0 1.759
 50 32 32 35.25 40.25 42.62 48592 0.00 0.00 0.00     0 34.77 39.91 42.19  7229     0 1.737
 50 36 36 32.81 39.13 40.91 30696 0.00 0.00 0.00     0 32.37 38.71 40.64  4311     0 1.743
 50 40 40 30.50 38.21 39.66 19584 0.00 0.00 0.00     0 29.98 37.77 39.04  2704     0 1.740
 50 40 40 30.50 38.21 39.66 19584 0.00 0.00 0.00     0 29.96 37.74 39.06  2699     0 1.334
 50 36 36 32.81 39.13 40.91 30696 0.00 0.00 0.00     0 32.32 38.69 40.49  4363     0 1.358
 50 32 32 35.25 40.25 42.62 48592 0.00 0.00 0.00     0 34.73 39.87 42.14  7463     0 1.402
 50 28 28 37.88 41.13 44.26 75312 0.00 0.00 0.00     0 37.31 40.86 43.62 13555     0 1.416
 50 28 28 40.48 42.51 44.06 43184 0.00 0.00 0.00     0 40.02 42.36 43.80  3307     0 1.470
 50 32 32 37.75 40.67 42.43 29224 0.00 0.00 0.00     0 37.30 40.52 42.34  1816     0 1.520
 50 36 36 35.28 38.69 40.55 20128 0.00 0.00 0.00     0 34.90 38.54 40.40  1106     0 1.433
 50 40 40 32.64 37.54 39.92 13656 0.00 0.00 0.00     0 32.40 37.37 39.85   703     0 1.436
 50 40 40 32.64 37.54 39.92 13656 0.00 0.00 0.00     0 32.40 37.37 39.85   707     0 1.808
 50 36 36 35.28 38.69 40.55 20128 0.00 0.00 0.00     0 34.89 38.56 40.39  1084     0 1.778
 50 32 32 37.75 40.67 42.43 29224 0.00 0.00 0.00     0 37.34 40.53 42.32  1810     0 1.762
 50 28 28 40.48 42.51 44.06 43184 0.00 0.00 0.00     0 40.04 42.33 43.78  3269     0 1.797
 50 28 28 40.22 42.51 44.06 51808 0.00 0.00 0.00     0 39.96 42.36 43.80  3478     0 1.604
 50 32 32 37.53 40.67 42.43 35360 0.00 0.00 0.00     0 37.25 40.53 42.33  1953     0 1.631
 50 36 36 35.03 38.69 40.55 23920 0.00 0.00 0.00     0 34.75 38.55 40.38  1171     0 1.638
 50 40 40 32.46 37.54 39.92 15720 0.00 0.00 0.00     0 32.27 37.40 39.85   743     0 1.668
 50 40 40 32.46 37.54 39.92 15720 0.00 0.00 0.00     0 32.26 37.38 39.82   736     0 1.271
 50 36 36 35.03 38.69 40.55 23920 0.00 0.00 0.00     0 34.72 38.55 40.39  1177     0 1.290
 50 32 32 37.53 40.67 42.43 35360 0.00 0.00 0.00     0 37.23 40.50 42.31  1950     0 1.298
 50 28 28 40.22 42.51 44.06 51808 0.00 0.00 0.00     0 39.95 42.36 43.77  3531     0 1.313
